14409 4 4
2427.00072099677 3.00771735492052 4.12399658170315
405.567414727713 2.65858999238928 5.06107186402148
18.85016210181 2.54167027391276 6.05421323332969
2.84052160663671 2.66012128811671 7.04717313042224
2.48500715651973 2.57408553778493 6.6344380201405
2.23172687072318 2.49322944264862 6.22065702314602
3.18801765974419 2.16815385655468 4.56585654912003
2.00271594240845 2.41024401150956 5.79747459749452
1.87488605284059 2.3256970972798 5.37460137008961
1.77194653364814 2.28315403564269 5.17737169908532
1.35689715514021 2.14013048534639 4.55628389870529
1.09787003107786 2.03695670644768 4.13416238108617
1.00957541887104 1.85503830706771 3.38839545098624
0.568839706248912 1.74096609143522 3.04503736138855
0.434842044388779 1.64595911534794 2.69592287792184
0.407023062869276 1.56884793522114 2.43239871108632
0.330273705858859 1.5552667427509 2.40403824807302
0.281940582356929 1.52955414047999 2.33564614545925
0.236492322508975 1.48383012387979 2.19685210823917
0.191985011699856 1.39169261567786 1.91717115075547
0.145941492546445 1.37338807097366 1.87811838277943
0.119799804021527 1.34216179988057 1.79617804158212
0.105536983836215 1.25267970672711 1.54878833077767
0.0647292580087596 1.25422104341677 1.5720658407961
0.0601678332615207 1.24528231446488 1.55051781730963
0.0484329717987803 1.2194670526587 1.48546531429903
0.0683766725485752 1.07912909721802 1.13959667554488
0.0311203129994762 1.16671083829298 1.35544546335281
0.0204533108352537 1.11149011793839 1.22645301459011
0.00854578852597585 1.0884630049999 1.18206827278944
0.00524697907085572 1.06741031796208 1.13671369635572
0.00323015633269444 1.04285120562733 1.08380509919993
0.000662638916923775 1.02572915358576 1.05203970044365
0.000156811462375771 1.01008182154083 1.01952253229918
1.18957012499119e-05 1.00216171569509 1.00405935384206
2.97447697019197e-07 1.00053469810139 1.0010804271676
9.18162300049358e-09 0.999928188914863 0.999850038862464
3.69301837436315e-13 1.00000039517812 1.00000083652307
3.99639202020881e-19 1.00000000039871 1.00000000084648
2.36046904364757e-27 0.999999999999961 0.999999999999925
2.36046904364757e-27 0.999999999999961 0.999999999999925
